43 671 676.1 0.0142859 69
44 680.3 685.4 0.00874652 69
45 690.6 695.7 0.00530999 69
46 718.9 724 0.00911208 69
47 727.3 732.4 0.00770143 69
48 740.4 745.5 0.00996157 69
49 753.5 758.6 0.0148676 69
50 769.7 774.8 0.0211968 69
51 790.6 795.7 0.0275925 69
52 809.2 814.3 0.0382358 69
53 824.3 829.4 0.0543266 69
54 836.7 841.8 0.0561936 69
56 863 868.1 0.0880203 69
57 876 881.1 0.100408 69
58 891.3 896.4 0.0824731 69
59 904.9 910 0.107909 69
60 921.1 926.2 0.0961554 69
61 938.9 944 0.112223 69
62 973.4 978.5 0.0164903 70
63 985.7 990.8 0.0166793 70
64 1013.1 1018.2 0.016342 70
65 1034.8 1039.9 0.0269224 70
66 1064.7 1069.8 0.0470797 70
67 1073.5 1078.6 0.0599992 70
68 1088.1 1093.2 0.0620284 70
69 1098.9 1104 0.0743761 70
70 1112.1 1117.2 0.0998417 70
71 1126 1131.1 0.0899994 70
72 1140.3 1145.4 0.100111 70
73 1152.9 1158 0.120638 70
74 1165.2 1170.3 0.122927 70
75 1177.7 1182.8 0.145313 70
76 1189.8 1194.9 0.163405 70
77 1249.5 1252 0.0163434 71
78 1253.2 1258.3 0.0204406 71
79 1270.3 1275.4 0.0346585 71
80 1286.6 1289.4 0.0567609 71
81 1290.9 1296 0.0649682 71
82 1306.4 1310.3 0.0568607 71
83 1313.1 1318.2 0.0562006 71
84 1329.7 1334.8 0.0573888 71
85 1339.7 1344.8 0.0777755 71
86 1354.6 1359.7 0.0825338 71
87 1371.5 1376.6 0.0742436 71
89 1410.5 1415.6 0.0828048 71
90 1427.7 1432.8 0.0996314 71
92 1480 1485.1 0.0170227 72
93 1509.3 1514.4 0.00682691 72
94 1526.4 1531.5 0.0218264 72
95 1555.5 1560.6 0.0235425 72
96 1573.5 1578.6 0.0358551 72
97 1601.9 1607 0.0419171 72
98 1609.6 1614.7 0.054786 72
99 1621.7 1626.8 0.0584643 72
100 1636.2 1641.3 0.0806065 72
101 1651.3 1656.4 0.0858011 72
102 1660.6 1665.7 0.0987984 72
103 1672.1 1677.2 0.083173 72
104 1684.5 1689.6 0.0827414 72
105 1701.1 1706.2 0.115635 72
106 1723.7 1728.8 0.154329 72
107 1736.5 1741.6 0.182447 72
108 1770.1 1775.2 0.0278044 73
109 1785.5 1789.2 0.0149068 73
110 1807.2 1812.3 0.0279165 73
111 1820.3 1825.4 0.0305767 73
112 1834 1839.1 0.0319788 73
113 1852.2 1857.3 0.0341643 73
114 1866.6 1871.7 0.0335874 73
115 1880.8 1885.9 0.0431352 73
116 1894.7 1899.8 0.0492205 73
117 1910.2 1915.3 0.0655798 73
118 1925 1930.1 0.0712001 73
119 1938.7 1943.8 0.107147 73
120 1954.8 1959.9 0.112231 73
121 1980.6 1985.7 0.14118 73
122 2019 2024.1 0.0208357 74
123 2043.4 2048.5 0.00625765 74
124 2079.7 2084.8 0.0335204 74
125 2093.6 2096.8 0.0448783 74
127 2114 2119.1 0.083177 74
128 2127 2132.1 0.0932245 74
129 2141.8 2146.9 0.0990758 74
130 2164.5 2169.6 0.143076 74
