69 0 samp45.wav 0.00530999
69 1 samp47.wav 0.00770143
69 2 samp48.wav 0.00996157
69 3 samp43.wav 0.0142859
69 4 samp49.wav 0.0148676
69 5 samp50.wav 0.0211968
69 6 samp51.wav 0.0275925
69 7 samp52.wav 0.0382358
69 8 samp53.wav 0.0543266
69 9 samp54.wav 0.0561936
69 10 samp58.wav 0.0824731
69 11 samp61.wav 0.112223
70 0 samp64.wav 0.016342
70 1 samp62.wav 0.0164903
70 2 samp63.wav 0.0166793
70 3 samp65.wav 0.0269224
70 4 samp66.wav 0.0470797
70 5 samp67.wav 0.0599992
70 6 samp68.wav 0.0620284
70 7 samp69.wav 0.0743761
70 8 samp71.wav 0.0899994
70 9 samp72.wav 0.100111
70 10 samp74.wav 0.122927
70 11 samp76.wav 0.163405
71 0 samp77.wav 0.0163434
71 1 samp78.wav 0.0204406
71 2 samp79.wav 0.0346585
71 3 samp83.wav 0.0562006
71 4 samp80.wav 0.0567609
71 5 samp82.wav 0.0568607
71 6 samp84.wav 0.0573888
71 7 samp81.wav 0.0649682
71 8 samp87.wav 0.0742436
71 9 samp85.wav 0.0777755
71 10 samp89.wav 0.0828048
71 11 samp90.wav 0.0996314
72 0 samp93.wav 0.00682691
72 1 samp92.wav 0.0170227
72 2 samp94.wav 0.0218264
72 3 samp95.wav 0.0235425
72 4 samp96.wav 0.0358551
72 5 samp97.wav 0.0419171
72 6 samp98.wav 0.054786
72 7 samp99.wav 0.0584643
72 8 samp100.wav 0.0806065
72 9 samp105.wav 0.115635
72 10 samp106.wav 0.154329
72 11 samp107.wav 0.182447
73 0 samp109.wav 0.0149068
73 1 samp108.wav 0.0278044
73 2 samp110.wav 0.0279165
73 3 samp111.wav 0.0305767
73 4 samp113.wav 0.0341643
73 5 samp115.wav 0.0431352
73 6 samp116.wav 0.0492205
73 7 samp117.wav 0.0655798
73 8 samp118.wav 0.0712001
73 9 samp119.wav 0.107147
73 10 samp120.wav 0.112231
73 11 samp121.wav 0.14118
74 0 samp123.wav 0.00625765
74 1 samp123.wav 0.00625765
74 2 samp123.wav 0.00625765
74 3 samp122.wav 0.0208357
74 4 samp122.wav 0.0208357
74 5 samp122.wav 0.0208357
74 6 samp124.wav 0.0335204
74 7 samp125.wav 0.0448783
74 8 samp127.wav 0.083177
74 9 samp128.wav 0.0932245
74 10 samp129.wav 0.0990758
74 11 samp130.wav 0.143076
