2 66.6 71.7 0.0259926 75
3 89.1 94.2 0.0273835 75
5 138.6 143.7 0.0388509 75
6 154.1 159.2 0.0462847 75
7 173.6 178.7 0.044922 75
8 202 207.1 0.0584938 75
9 228.1 233.2 0.0398793 75
10 245.7 250.8 0.0931313 75
11 261.8 266.9 0.0830099 75
12 278.4 283.5 0.0538663 75
13 291.8 296.9 0.102329 75
14 306.4 311.5 0.125366 75
15 322.1 327.2 0.141825 75
16 338.3 343.4 0.103294 75
17 353 357.8 0.128445 75
18 370 375.1 0.0451813 76
19 387.3 392.4 0.0249593 76
20 401.7 406.8 0.0575844 76
21 424 429.1 0.0542464 76
22 440.8 445.9 0.111836 76
23 456.9 462 0.129171 76
24 473.1 478.2 0.138532 76
25 490.4 495.5 0.16165 76
26 507.3 512.4 0.0244006 77
28 528.9 534 0.017967 77
29 556.2 561.3 0.0277153 77
30 604.9 610 0.0826284 77
31 623 628.1 0.0535017 77
32 640 645.1 0.0423848 77
33 659.8 664.9 0.0310934 77
34 679.2 684.3 0.0726542 77
35 692.9 698 0.0901289 77
36 708.1 713.2 0.138084 77
37 728.7 733.8 0.0225585 78
39 749.4 754.5 0.0114733 78
40 794.3 799.4 0.0400007 78
41 807 812.1 0.0452099 78
42 822 827.1 0.0581977 78
43 836.6 841.7 0.0728039 78
44 853.7 858.8 0.0885761 78
45 870.2 875.3 0.12216 78
46 890.2 895.3 0.138503 78
49 990.7 993.9 0.0174306 79
50 1005.5 1010.6 0.019903 79
51 1022.9 1028 0.0452513 79
52 1042.8 1047.9 0.0860287 79
53 1068.3 1073.4 0.0911576 79
54 1083.6 1088.7 0.0434867 79
55 1098.4 1103.5 0.127951 79
56 1114.2 1119.3 0.186179 79
57 1152.1 1157.2 0.051305 80
58 1175.7 1180.8 0.0528981 80
60 1224.3 1229.4 0.167068 80
61 1259.5 1264.6 0.178665 80
62 1318.6 1323.7 0.194002 80
63 1336.8 1341.9 0.177218 80
64 1351.8 1356.9 0.124566 80
