75 0 samp2.wav 0.0259926
75 1 samp3.wav 0.0273835
75 2 samp5.wav 0.0388509
75 3 samp9.wav 0.0398793
75 4 samp6.wav 0.0462847
75 5 samp12.wav 0.0538663
75 6 samp8.wav 0.0584938
75 7 samp11.wav 0.0830099
75 8 samp10.wav 0.0931313
75 9 samp16.wav 0.103294
75 10 samp14.wav 0.125366
75 11 samp15.wav 0.141825
76 0 samp19.wav 0.0249593
76 1 samp19.wav 0.0249593
76 2 samp18.wav 0.0451813
76 3 samp21.wav 0.0542464
76 4 samp20.wav 0.0575844
76 5 samp20.wav 0.0575844
76 6 samp20.wav 0.0575844
76 7 samp22.wav 0.111836
76 8 samp22.wav 0.111836
76 9 samp23.wav 0.129171
76 10 samp24.wav 0.138532
76 11 samp25.wav 0.16165
77 0 samp28.wav 0.017967
77 1 samp26.wav 0.0244006
77 2 samp29.wav 0.0277153
77 3 samp33.wav 0.0310934
77 4 samp32.wav 0.0423848
77 5 samp32.wav 0.0423848
77 6 samp31.wav 0.0535017
77 7 samp34.wav 0.0726542
77 8 samp30.wav 0.0826284
77 9 samp35.wav 0.0901289
77 10 samp36.wav 0.138084
77 11 samp36.wav 0.138084
78 0 samp39.wav 0.0114733
78 1 samp39.wav 0.0114733
78 2 samp37.wav 0.0225585
78 3 samp37.wav 0.0225585
78 4 samp37.wav 0.0225585
78 5 samp40.wav 0.0400007
78 6 samp41.wav 0.0452099
78 7 samp42.wav 0.0581977
78 8 samp43.wav 0.0728039
78 9 samp44.wav 0.0885761
78 10 samp45.wav 0.12216
78 11 samp46.wav 0.138503
79 0 samp49.wav 0.0174306
79 1 samp50.wav 0.019903
79 2 samp50.wav 0.019903
79 3 samp54.wav 0.0434867
79 4 samp51.wav 0.0452513
79 5 samp51.wav 0.0452513
79 6 samp52.wav 0.0860287
79 7 samp52.wav 0.0860287
79 8 samp53.wav 0.0911576
79 9 samp55.wav 0.127951
79 10 samp55.wav 0.127951
79 11 samp56.wav 0.186179
80 0 samp57.wav 0.051305
80 1 samp58.wav 0.0528981
80 2 samp58.wav 0.0528981
80 3 samp58.wav 0.0528981
80 4 samp64.wav 0.124566
80 5 samp64.wav 0.124566
80 6 samp64.wav 0.124566
80 7 samp64.wav 0.124566
80 8 samp60.wav 0.167068
80 9 samp63.wav 0.177218
80 10 samp61.wav 0.178665
80 11 samp62.wav 0.194002
